1.000000000000000000e+00 6.573672772007185992e-18 -1.536907647502803725e-17 0.000000000000000000e+00 2.639797538701362776e-18 1.000000000000000000e+00 6.554572433493288062e-19 0.000000000000000000e+00 -3.923847145031666088e-18 5.813153335900833231e-19 1.000000000000000222e+00 0.000000000000000000e+00
9.998965679990587940e-01 -2.309889574936430795e-04 -1.438054059503990519e-02 -2.299371202934707981e-02 2.357452956372013653e-04 9.999999180738289306e-01 3.290539342849339724e-04 5.950593585907881788e-03 1.438046340907200848e-02 -3.324100443720727450e-04 9.998965405359213632e-01 2.167920136344037019e-01
9.995942632344574363e-01 -9.051580938036597008e-04 -2.846909899498781954e-02 -4.763922114307206357e-02 9.099340850000085974e-04 9.999995740274639777e-01 1.548058495665686986e-04 1.365848706797123668e-02 2.846894674416580034e-02 -1.806480426866159835e-04 9.995946610689565581e-01 4.416993964023276931e-01
9.991287720691982566e-01 -1.504589571547178045e-03 -4.170651068737744188e-02 -7.674939766457100632e-02 1.511592400460154157e-03 9.999988482448171068e-01 1.363724804303399350e-04 1.752856122050161503e-02 4.170625746707570108e-02 -1.992969135211434802e-04 9.991298956436193146e-01 6.746880782502557850e-01
9.985375157544271740e-01 -3.270992482312401733e-03 -5.396415698552001206e-02 -1.055653592329690582e-01 3.343003963888504376e-03 9.999936381022154208e-01 1.244218466784617096e-03 2.155088534641436127e-02 5.395974384181802253e-02 -1.422801207589387534e-03 9.985420981016520647e-01 9.162314774293918163e-01
9.978599508773440263e-01 -5.585789257087166518e-03 -6.514842587077881997e-02 -1.410243795789938304e-01 5.747935713938641736e-03 9.999808315035784156e-01 2.301708157133166687e-03 1.969276298842714823e-02 6.513432021671358707e-02 -2.671251352380321457e-03 9.978729301600076651e-01 1.159347385600995040e+00
9.971689593383293859e-01 -7.028033738951903510e-03 -7.486436584835452768e-02 -1.801693192555831047e-01 7.270160994386979346e-03 9.999691846504538129e-01 2.962179707880721602e-03 1.676543999411705954e-02 7.484124057782455541e-02 -3.498069649140757124e-03 9.971893261650474072e-01 1.411396644312844728e+00
9.965202047130260476e-01 -6.375908558833172021e-03 -8.310733655194538216e-02 -2.195436877964311861e-01 6.559134141135084840e-03 9.999766226008806047e-01 1.931841363845509174e-03 1.171918387620962676e-02 8.309307647468298919e-02 -2.470231119929073866e-03 9.965387291019789373e-01 1.661673615659310599e+00
9.958943582443872122e-01 -4.676039041560949017e-03 -9.040222273750540827e-02 -2.583245171599628520e-01 4.738768400651740924e-03 9.999886571247336153e-01 4.792660190255137510e-04 1.226830471273387957e-02 9.039895624975281818e-02 -9.056935209029298977e-04 9.959052206049537892e-01 1.914006965891530854e+00
9.953139328849504031e-01 -3.236936796766522271e-03 -9.664210906879931728e-02 -2.956564002315644757e-01 3.259139858178992585e-03 9.999946864054060081e-01 7.189115734856875157e-05 9.250040113386148732e-03 9.664136284467841898e-02 -3.865244202047959953e-04 9.953191938199502653e-01 2.170537630294347764e+00
9.948087409053368857e-01 -3.292156405097963930e-03 -1.017090493738993934e-01 -3.249741318086307729e-01 3.363459175031768660e-03 9.999942033363397043e-01 5.295621752128931541e-04 9.480566472063856054e-03 1.017067163992419199e-01 -8.689073160549324768e-04 9.948140473673260376e-01 2.434094395966894808e+00
9.943691105410735753e-01 -3.715077306002819227e-03 -1.059068940266169878e-01 -3.499361947688157670e-01 3.821440179758702448e-03 9.999923771527311489e-01 8.013934010312991681e-04 1.105315557629182877e-02 1.059031094761017228e-01 -1.201597703523673774e-03 9.943757275629028225e-01 2.697560379458082025e+00
9.940033457031477448e-01 -3.642397159248582112e-03 -1.092889823993391935e-01 -3.775988413135564770e-01 3.757662030785853188e-03 9.999925797762978519e-01 8.487451958974331825e-04 1.401949215954800820e-02 1.092850799835511366e-01 -1.254326623916719990e-03 9.940096568734682059e-01 2.965751898853341118e+00
9.937837029266750610e-01 -3.688400713188515288e-03 -1.112670099244374711e-01 -4.073416544897554559e-01 3.704278680547246246e-03 9.999931370867246594e-01 -6.402271610028011193e-05 1.283106114294696454e-02 1.112664824500296523e-01 -3.485392808336930837e-04 9.937905455394347998e-01 3.235315135523705976e+00
9.936545810420328584e-01 -3.561424337388899904e-03 -1.124183696326846726e-01 -4.360400708173983730e-01 3.436861221072076700e-03 9.999932466146699284e-01 -1.301810277735103395e-03 7.913057283360558358e-03 1.124222467269221509e-01 9.071834109923934296e-04 9.936601106309591591e-01 3.502336944375201710e+00
9.935187462792451907e-01 -4.841159667943767397e-03 -1.135652410061568363e-01 -4.656912221025777399e-01 4.708316071121878069e-03 9.999878819616272452e-01 -1.437946338782148444e-03 5.481251032279033097e-03 1.135708261460284807e-01 8.939255943736267637e-04 9.935295004908212269e-01 3.774842230697686318e+00
9.933921782685980473e-01 -4.828812643078483728e-03 -1.146676184597357623e-01 -4.983987902305671014e-01 4.794517607485530505e-03 9.999883409893153274e-01 -5.748794205247705329e-04 2.436578863694194297e-03 1.146690575337610540e-01 2.130480408328378676e-05 9.934037481258182201e-01 4.053142627222769079e+00
9.933173361928556711e-01 -4.778440620484402691e-03 -1.153162439726729271e-01 -5.317934541380964220e-01 4.887466713607528136e-03 9.999878366586039125e-01 6.627246550813108714e-04 -4.375108754857137683e-03 1.153116745514169567e-01 -1.221900192969389972e-03 9.933286086044568197e-01 4.332689400325762108e+00
9.932020647583459372e-01 -3.057921186070991851e-03 -1.163628277319576909e-01 -5.655785604021730251e-01 3.188283082674437698e-03 9.999944810544545426e-01 9.341903535231286301e-04 -8.848282934252438281e-03 1.163593288513740664e-01 -1.298837423106388635e-03 9.932063328486210319e-01 4.606865621306496905e+00
9.931738400446604720e-01 -1.620124377108510564e-03 -1.166323224837148564e-01 -5.996406665826725657e-01 1.689475696485009167e-03 9.999984499476192168e-01 4.957562198707475597e-04 -1.233990570057130753e-02 1.166313385107688311e-01 -6.894195828758268490e-04 9.931750377339458868e-01 4.881788662436520099e+00
9.932545898918849758e-01 -1.136689436319457533e-03 -1.159483833256375607e-01 -6.282860616129255504e-01 1.124952395433278379e-03 9.999993533521853717e-01 -1.666652915157895937e-04 -1.005053735332239739e-02 1.159484977945451356e-01 3.510465420493911033e-05 9.932552263274793125e-01 5.159308526361201075e+00
9.933887227630737726e-01 -1.348031794761312720e-03 -1.147912378948368756e-01 -6.582284816577157471e-01 1.217155439330275431e-03 9.999985269630324858e-01 -1.210208412487862820e-03 -1.094847011194133302e-02 1.147927002025182497e-01 1.062488609567321636e-03 9.933889002289935100e-01 5.435677360277622938e+00
9.935335675068739381e-01 -1.978784472130356437e-03 -1.135215162384526494e-01 -6.871717745034402469e-01 1.769854024213681366e-03 9.999965496686550326e-01 -1.941202596008064461e-03 -1.049472848586674445e-02 1.135249657731610545e-01 1.727733428116126711e-03 9.935336416465245790e-01 5.718787642670577043e+00
9.936539690909814704e-01 -8.232244450475223853e-04 -1.124771621763796248e-01 -7.209652491483211634e-01 6.078642972289821558e-04 9.999979159830240105e-01 -1.948981940705264574e-03 -1.452571961846160775e-02 1.124785322216407674e-01 1.868242789927768155e-03 9.936523987079904918e-01 6.004976217182047549e+00
9.937508866200844837e-01 8.575620749841521067e-04 -1.116173818411979740e-01 -7.527878612054337282e-01 -1.084078008716089954e-03 9.999974744514789071e-01 -1.968721802398875308e-03 -1.329861538437171475e-02 1.116154116449303985e-01 2.077420985686719273e-03 9.937493065181889351e-01 6.289740081931086024e+00
9.938384107669097078e-01 2.491337656508909454e-03 -1.108106787317219427e-01 -7.876008629255011328e-01 -2.696685010494850095e-03 9.999949133114881539e-01 -1.703302998223199917e-03 -9.874543587272910372e-03 1.108058715694155288e-01 1.991629441147285771e-03 9.938400737733973367e-01 6.577953473992238287e+00
9.938714533346917346e-01 2.787364393380971535e-03 -1.105068542947731935e-01 -8.173816381540746079e-01 -2.965701164688303200e-03 9.999945518098606323e-01 -1.449471351235174978e-03 -7.073317876461260312e-03 1.105022120275856307e-01 1.768318504907191420e-03 9.938743050238677545e-01 6.869624273180306773e+00
9.938633466866669819e-01 2.446296700229879436e-03 -1.105878101113858952e-01 -8.513493290220139897e-01 -2.529403438784576762e-03 9.999966142613875286e-01 -6.112151874103348859e-04 -4.238589226247313491e-03 1.105859404762710718e-01 8.871855588887558831e-04 9.938661693964446764e-01 7.159694618132562027e+00
9.937986920351086217e-01 3.182081315283278016e-03 -1.111487025016925506e-01 -8.873815705155720934e-01 -3.151557233414658404e-03 9.999949324396504302e-01 4.503132499647389945e-04 -2.028072623261323315e-03 1.111495721823135829e-01 -9.722922146706354692e-05 9.938036844116483470e-01 7.452357652595310356e+00
9.937134220592573897e-01 4.158708457999722025e-03 -1.118764495469958403e-01 -9.240601895644431352e-01 -4.042617916861659597e-03 9.999910291032622078e-01 1.264497282365856018e-03 -2.424094645050445251e-03 1.118807045904628567e-01 -8.042741822307493751e-04 9.937213196280846317e-01 7.742434645826506312e+00
9.936320886713359002e-01 5.660926970850401960e-03 -1.125310013661492969e-01 -9.595954925816840841e-01 -5.357848888470220262e-03 9.999811599569310427e-01 2.995527746257015816e-03 -3.776116380606708844e-03 1.125458387410477185e-01 -2.373528390598166841e-03 9.936436989912694751e-01 8.029187261174229207e+00
9.935792159618440644e-01 6.598372621529713898e-03 -1.129460184663197142e-01 -9.949700016395581770e-01 -6.164339643772768183e-03 9.999722151313384932e-01 4.191644316987899049e-03 2.232333322979229706e-03 1.129705383071311908e-01 -3.468493054825537349e-03 9.935922841037593267e-01 8.316164544936327729e+00
9.935083502049470994e-01 8.139497132742951058e-03 -1.134676458708366309e-01 -1.028867395035376830e+00 -7.614903421281968635e-03 9.999582244252770424e-01 5.055951951073917039e-03 3.771440906120915315e-03 1.135040586011270003e-01 -4.159085316880223315e-03 9.935288273071891663e-01 8.604608514315259526e+00
9.934570659504438073e-01 8.580097878726983610e-03 -1.138834493397830744e-01 -1.060910264016456495e+00 -8.028950450965230412e-03 9.999537358146899368e-01 5.297375284193994727e-03 1.073278057447168976e-03 1.139236326132177651e-01 -4.348350335139575772e-03 9.934799936493798889e-01 8.891628660016067442e+00
9.934114871799997193e-01 8.067812265033494010e-03 -1.143176606831907000e-01 -1.093533534291964315e+00 -7.622413036770652253e-03 9.999615623233085726e-01 4.332746868291170901e-03 -2.719683958275709301e-03 1.143482223662345282e-01 -3.432824082878972467e-03 9.934347989478213847e-01 9.177166961577313486e+00
9.933913517758946599e-01 7.630771974473787855e-03 -1.145224586530247807e-01 -1.126775107805769949e+00 -7.314064887245277577e-03 9.999681783204658059e-01 3.185404412958589820e-03 -7.952475325510022230e-03 1.145431214507678375e-01 -2.326728502106663668e-03 9.934155523560076473e-01 9.462935847373955767e+00
9.933491130272470437e-01 8.698715210021794320e-03 -1.148123338395169168e-01 -1.164113897474635451e+00 -8.538695973855888952e-03 9.999617670839306971e-01 1.885481755268279824e-03 -1.243950369797630628e-02 1.148243454980162476e-01 -8.925940165202924303e-04 9.933854100785226571e-01 9.748806976884225151e+00
9.932463691124497895e-01 1.019101484811297392e-02 -1.155759207676937822e-01 -1.203130924598553975e+00 -1.015784935029653488e-02 9.999480240575248091e-01 8.759452199532467408e-04 -1.615413435808932263e-02 1.155788403710271278e-01 3.039733824201212571e-04 9.932982629898592375e-01 1.003858877639686398e+01
9.931627213505958007e-01 1.150469162723562547e-02 -1.161699229148433765e-01 -1.241107090442710614e+00 -1.156493908257987847e-02 9.999331117765026811e-01 1.554251469644409391e-04 -1.853545649368015802e-02 1.161639406334627339e-01 1.189135619812659332e-03 9.932293415183540697e-01 1.032737027756593307e+01
9.931166318681806660e-01 1.208909659710378191e-02 -1.165041168811901534e-01 -1.276987578431544534e+00 -1.229059095655610917e-02 9.999239564979491846e-01 -1.011234604720172552e-03 -2.302039852105508544e-02 1.164830325873204009e-01 2.436178350009826025e-03 9.931896939428581650e-01 1.061747818122785247e+01
9.930429894403068891e-01 1.359507842487765912e-02 -1.169649304966210168e-01 -1.311147951052589633e+00 -1.389020184483368697e-02 9.999020670698575142e-01 -1.708379973916194974e-03 -3.130796989830741950e-02 1.169302502185287362e-01 3.321161249762707036e-03 9.931345762140117994e-01 1.090750952385678829e+01
9.929723475677120215e-01 1.436798189180049125e-02 -1.174711797090009224e-01 -1.348057331894779054e+00 -1.483107641370441307e-02 9.998853037384706210e-01 -3.068964033335519221e-03 -3.716641611623572317e-02 1.174136113841932894e-01 4.789620463454292813e-03 9.930715499889917197e-01 1.119839900982879044e+01
9.929370065020445280e-01 1.384228069617613084e-02 -1.178324759303953084e-01 -1.380349028583623294e+00 -1.443822927521884805e-02 9.998869195347355188e-01 -4.205434428654707298e-03 -4.598802393144296730e-02 1.177609385753830284e-01 5.877023776178845471e-03 9.930245827457542251e-01 1.148515618808596628e+01
9.929104316313729361e-01 1.234811948209783676e-02 -1.182218199101024575e-01 -1.405027327203242749e+00 -1.293341347031403375e-02 9.999076025830792025e-01 -4.184867090515805022e-03 -5.095483109619181050e-02 1.181592212804686709e-01 5.684209867274368604e-03 9.929783926070991917e-01 1.177387938320498506e+01
9.929059716589281326e-01 1.163804967872845292e-02 -1.183312606360404223e-01 -1.434901192007600912e+00 -1.220029472862390295e-02 9.999174599896968330e-01 -4.028152962281443886e-03 -5.145502637759591380e-02 1.182746137282797982e-01 5.443253386374223741e-03 9.929660048259445482e-01 1.206918338609466446e+01
9.929243013848024768e-01 1.109216159072524792e-02 -1.182298425557046923e-01 -1.469093853434969787e+00 -1.165874106547409167e-02 9.999236223514949007e-01 -4.101611906719726010e-03 -5.145715625167213148e-02 1.181753166962953849e-01 5.451001257600008622e-03 9.929777848013620067e-01 1.236464741706367931e+01
9.928908887912930581e-01 1.280156453937620828e-02 -1.183376647588561398e-01 -1.503404178238270106e+00 -1.324011010782481616e-02 9.999080810620958326e-01 -2.920429942544231893e-03 -5.465043456661078380e-02 1.182894012140052603e-01 4.466471992615676789e-03 9.929691174393949771e-01 1.266068598865604145e+01
9.928832233033576538e-01 1.321749757511386097e-02 -1.183562530692241072e-01 -1.539515843423032493e+00 -1.361611419538000071e-02 9.999040195188404478e-01 -2.559918804302035132e-03 -5.837075894618237726e-02 1.183110574585179431e-01 4.153252691338183387e-03 9.929678968502100300e-01 1.296025965122862544e+01
9.929106768718444220e-01 1.408346901940572653e-02 -1.180256059263202206e-01 -1.582116070278971165e+00 -1.455039433373632278e-02 9.998893462761720974e-01 -3.095355899093125192e-03 -6.241049561509726118e-02 1.179689526046085180e-01 4.790731028634006954e-03 9.930057276358396079e-01 1.326219790390859998e+01
9.929408892873738957e-01 1.419888254608042688e-02 -1.177573017508565939e-01 -1.621921299088171509e+00 -1.460265149004748471e-02 9.998900812633965129e-01 -2.566702269308437229e-03 -6.668634218874558428e-02 1.177079137129695974e-01 4.268152471699259397e-03 9.930390878126699183e-01 1.356988787012960529e+01
9.929516337335202447e-01 1.368952371070768573e-02 -1.177270147693670610e-01 -1.664159366029707598e+00 -1.384383297931758225e-02 9.999040479870846543e-01 -4.930593093633728200e-04 -7.010485891584039564e-02 1.177089688782191196e-01 2.119377176380696053e-03 9.930458735053535602e-01 1.388282901378261158e+01
9.929788631508080776e-01 1.291700134966391328e-02 -1.175845585604729931e-01 -1.705365978285954043e+00 -1.287298939424643025e-02 9.999164968441317525e-01 1.133791433737139833e-03 -7.495023368500142169e-02 1.175893850642316246e-01 3.878338463537624897e-04 9.930622267034042716e-01 1.420039270644520002e+01
9.930209247121801752e-01 1.235787620009681440e-02 -1.172890701625235177e-01 -1.745251287567043619e+00 -1.214614355203892312e-02 9.999230578207932707e-01 2.519848235044344978e-03 -7.955012068822497895e-02 1.173111856583998053e-01 -1.077652141218873958e-03 9.930946200565596849e-01 1.452403009611589368e+01
9.930439881592644236e-01 1.258308246387750649e-02 -1.170696528415845344e-01 -1.786844224786364066e+00 -1.219688065639494036e-02 9.999175555211884392e-01 4.014755631922024316e-03 -8.303045584807478008e-02 1.171105190962601905e-01 -2.558944360014240270e-03 9.931155915203258022e-01 1.485140150975166762e+01
9.930425530617921215e-01 1.292071183809588228e-02 -1.170450469439633379e-01 -1.828031750759691931e+00 -1.240054959354656636e-02 9.999097380670924906e-01 5.171275314330587083e-03 -8.484771544237901253e-02 1.171012987899608532e-01 -3.683873531420574048e-03 9.931131430494257728e-01 1.518498230103978131e+01
9.930622086327836051e-01 1.282348633919066713e-02 -1.168888702293171267e-01 -1.867160786452586763e+00 -1.237177988454130940e-02 9.999129355038095524e-01 4.589169275907280243e-03 -8.833241751216291959e-02 1.169375425082381653e-01 -3.111207203492360063e-03 9.931343975222443055e-01 1.551990240049781278e+01
9.930759148790293533e-01 1.270412646236260094e-02 -1.167854120085509567e-01 -1.907800994212266232e+00 -1.234471823343001422e-02 9.999165791927457914e-01 3.800340407736843996e-03 -9.137536728582063006e-02 1.168239496803456096e-01 -2.332343522244371622e-03 9.931499005461252860e-01 1.585891648486358463e+01
9.930815142532576356e-01 1.299210989285326003e-02 -1.167060886543112713e-01 -1.948966911983916361e+00 -1.266986204046037165e-02 9.999135992567809161e-01 3.502658593872389706e-03 -9.080726809474981565e-02 1.167415120868821043e-01 -1.999775457783094061e-03 9.931603195123064332e-01 1.620383401193794271e+01
9.930891490551885248e-01 1.349723407386724597e-02 -1.165837325753313752e-01 -1.988063297410917585e+00 -1.341411200694834181e-02 9.999089052517583509e-01 1.497597173801162732e-03 -9.520453317242072444e-02 1.165933258291665248e-01 7.661974399604873495e-05 9.931797372588248018e-01 1.655210164166965114e+01
9.930830880793992677e-01 1.420457882740155942e-02 -1.165513196451223865e-01 -2.031387121940497309e+00 -1.431230181088808014e-02 9.998975699472650858e-01 -8.735232058237644092e-05 -1.004588230217677847e-01 1.165381404843813390e-01 1.754865775493130199e-03 9.931846667455919153e-01 1.690271468481114425e+01
9.930986864881821141e-01 1.381531331316460977e-02 -1.164651708173148337e-01 -2.076784994522313355e+00 -1.395384672274960908e-02 9.999025703272124144e-01 -3.741853448992517057e-04 -1.064809112486386766e-01 1.164486541660539470e-01 1.996740116646273690e-03 9.931947059725104721e-01 1.726213082285175915e+01
9.931207386330831444e-01 1.389400518508637772e-02 -1.162676013203842035e-01 -2.120533102424815297e+00 -1.410963641336097918e-02 9.998999218294661873e-01 -1.031739167686929496e-03 -1.122578184186409089e-01 1.162416304822062041e-01 2.665135145574200164e-03 9.932173882879287152e-01 1.762744881501566852e+01
9.931360445045676055e-01 1.395534985848696091e-02 -1.161294334617561791e-01 -2.164516044456831878e+00 -1.422059107500395214e-02 9.998978225428665212e-01 -1.455769044779217864e-03 -1.194020512552924629e-01 1.160972518852136648e-01 3.097205895875761172e-03 9.932330217125988625e-01 1.799648234143023728e+01
9.931385370432350701e-01 1.351003593739902135e-02 -1.161607729338655637e-01 -2.211104161600815132e+00 -1.384818759094334946e-02 9.999018946160282972e-01 -2.104481818255695899e-03 -1.237430136580996987e-01 1.161209453116402029e-01 3.698658168513757269e-03 9.932281943177427852e-01 1.836724571930790262e+01
9.931497323486655482e-01 1.226694077185308714e-02 -1.162029745741182118e-01 -2.256122130875155563e+00 -1.275872623620302043e-02 9.999125162919278997e-01 -3.489221628734297947e-03 -1.292391921427338275e-01 1.161500066319539060e-01 4.947921467106325931e-03 9.932193584664732455e-01 1.874397703448084940e+01
9.931816685288650248e-01 1.173355299003636491e-02 -1.159849000191385537e-01 -2.298148664224754611e+00 -1.227127355993803091e-02 9.999170089739809475e-01 -3.923137742270340830e-03 -1.338856325116921653e-01 1.159292419686970971e-01 5.319670925693586322e-03 9.932432290017415566e-01 1.912549472165665065e+01
9.931479895209925912e-01 1.440108698065051263e-02 -1.159727537147688947e-01 -2.347115916694747284e+00 -1.474511399980722726e-02 9.998890606313070029e-01 -2.109038400653803682e-03 -1.397696061087003727e-01 1.159295153252328375e-01 3.804618721827815030e-03 9.932501559792672463e-01 1.951148144389844674e+01
9.930640310913890767e-01 1.634078148504037112e-02 -1.164337108099625095e-01 -2.399508308596523420e+00 -1.676150606996668416e-02 9.998560436019764408e-01 -2.635144563139422969e-03 -1.445150503606669190e-01 1.163738891108580531e-01 4.568471632869767173e-03 9.931949692785162487e-01 1.989788170436622750e+01
9.929894044572918910e-01 1.639210859212255136e-02 -1.170612720392874700e-01 -2.448989109069771075e+00 -1.696573401450411980e-02 9.998484444173540986e-01 -3.905389295067381548e-03 -1.509498595955278688e-01 1.169795131845790398e-01 5.864040595100932125e-03 9.931170155238495667e-01 2.029236522331666492e+01
9.929788084454570507e-01 1.554961514253848723e-02 -1.172659176707341183e-01 -2.495059834707717528e+00 -1.606301693150171891e-02 9.998650836734603864e-01 -3.434230295525520643e-03 -1.578686169013963081e-01 1.171966956244874097e-01 5.293762327811329764e-03 9.930946131236029206e-01 2.068654037742635410e+01
9.929749616516783117e-01 1.389794450262430217e-02 -1.175056282543481545e-01 -2.543398753839028359e+00 -1.415155478236238516e-02 9.998989849161596943e-01 -1.324183096965894342e-03 -1.658484169231542182e-01 1.174753549902654431e-01 2.977767995406810451e-03 9.930713337256674711e-01 2.108303788811099366e+01
9.929326486040883637e-01 1.231968689670625942e-02 -1.180380474713010885e-01 -2.588329034736489120e+00 -1.239804816385059807e-02 9.999231387669839100e-01 7.042805015721553634e-05 -1.709150732250463989e-01 1.180298425729562756e-01 1.393511087337485606e-03 9.930090706479236529e-01 2.147935614682319283e+01
9.928799415001553497e-01 1.294735868199951151e-02 -1.184136295778768916e-01 -2.635101472403221123e+00 -1.295798772600998197e-02 9.999158104108515355e-01 6.801797573311429415e-04 -1.735025659001507847e-01 1.184124669143395564e-01 8.590655209939588059e-04 9.929641230606928159e-01 2.187382740055363683e+01
9.928618411040541769e-01 1.450486479442431899e-02 -1.183848528180996978e-01 -2.682720369361959456e+00 -1.450091316785549062e-02 9.998944558570158625e-01 8.947981338137797527e-04 -1.802085398794019966e-01 1.183853369162160135e-01 8.282775485497980176e-04 9.929673841368288345e-01 2.226683441667591978e+01
9.927582006640868206e-01 1.640489214530748210e-02 -1.190043466765172420e-01 -2.733335419647119124e+00 -1.648492360853853061e-02 9.998640657627442252e-01 3.119134732927486683e-04 -1.873795151270769566e-01 1.189932868183097292e-01 1.652122905537527784e-03 9.928936842291223863e-01 2.266128224042768124e+01
9.927192801719897375e-01 1.581198225157351422e-02 -1.194085926224822403e-01 -2.780806340242634178e+00 -1.597738388583084396e-02 9.998722618956755737e-01 -4.278969387069977504e-04 -1.924445386117668022e-01 1.193865736964202506e-01 2.332618464577212482e-03 9.928451062034439056e-01 2.305844315538524825e+01
9.926940075789051354e-01 1.582299567121070102e-02 -1.196170561622416778e-01 -2.829977763863098517e+00 -1.603438049771339913e-02 9.998711171017278243e-01 -8.048775044282132415e-04 -1.984707965768279792e-01 1.195889039960923023e-01 2.716982468002725713e-03 9.928197782313171738e-01 2.345682272763588117e+01
9.926225851791768973e-01 1.689528434694013634e-02 -1.200622869973902718e-01 -2.882216525158582954e+00 -1.703203674944264723e-02 9.998549379712985408e-01 -1.128653028367865291e-04 -2.089228824415840791e-01 1.200429636270835543e-01 2.156937933040609882e-03 9.927663544371253534e-01 2.385757948297941766e+01
9.925161592816517109e-01 2.123323464848673667e-02 -1.202531634143611250e-01 -2.940427190941591107e+00 -2.120200841701698480e-02 9.997740272312691800e-01 1.539257241086817432e-03 -2.127674992834727163e-01 1.202586728842601344e-01 1.021870897814345031e-03 9.927420648768665590e-01 2.425869120157403813e+01
9.924128335373374465e-01 2.478028861487808696e-02 -1.204271776907350627e-01 -2.997379856696170464e+00 -2.457737696387250759e-02 9.996929041344883027e-01 3.170167933742496728e-03 -2.140243373142425298e-01 1.204687526787268093e-01 -1.863311991140409311e-04 9.927171021538390150e-01 2.466026973935549904e+01
9.922951976732337087e-01 2.542654875531848158e-02 -1.212589431466026962e-01 -3.049597748050473456e+00 -2.510633097039064246e-02 9.996760970196366669e-01 4.168116216152330765e-03 -2.120401064004227010e-01 1.213256478237096092e-01 -1.091634544873424989e-03 9.926121576497931587e-01 2.506053492013415962e+01
9.923365013015876812e-01 2.125878407751446639e-02 -1.217223573714752427e-01 -3.094848949755942158e+00 -2.102138945249699617e-02 9.997737947518474666e-01 3.234271630119321672e-03 -2.163793139030758539e-01 1.217635798176530393e-01 -6.507127143097844041e-04 9.925589187564402005e-01 2.545981774887695792e+01
9.923811923457133144e-01 1.717474768920116551e-02 -1.220024471898518426e-01 -3.139289983259004657e+00 -1.700416640894512194e-02 9.998524432249371596e-01 2.439283062925956102e-03 -2.189442873026905545e-01 1.220263389733430154e-01 -3.461487201403801151e-04 9.925268020450767059e-01 2.586168277199431031e+01
9.923468724423455400e-01 1.637195979896050382e-02 -1.223913546221149506e-01 -3.189109130779797852e+00 -1.616912089014754111e-02 9.998657584571196688e-01 2.650395179778409008e-03 -2.223247685084857039e-01 1.224183167811699197e-01 -6.511507585954600741e-04 9.924783784643145257e-01 2.626185687999532092e+01
9.922668823260656357e-01 1.908825711146952889e-02 -1.226461278612438338e-01 -3.243717963369817880e+00 -1.892974602803315295e-02 9.998177957803935367e-01 2.457632224306342990e-03 -2.264602617860873579e-01 1.226706931350120822e-01 -1.169670133814519592e-04 9.924474229723679874e-01 2.665905336299692863e+01
9.921415806736195719e-01 2.337053166659431788e-02 -1.229182742641301701e-01 -3.303745298650937912e+00 -2.357386121982723085e-02 9.997220779331047469e-01 -1.999007327260865724e-04 -2.331901202834387732e-01 1.228794407768831753e-01 3.095988167828009775e-03 9.924167763050082414e-01 2.705506496016823803e+01
9.920181487800708853e-01 2.429311077956398252e-02 -1.237329271439619183e-01 -3.357067327609911445e+00 -2.472907052369930497e-02 9.996922119389411998e-01 -1.988582324458213358e-03 -2.419152776585633546e-01 1.236465347755247857e-01 5.032510037652608917e-03 9.923135634872306543e-01 2.745211639310764440e+01
9.919622078567228440e-01 2.250262762589548202e-02 -1.245175085437601609e-01 -3.406231818033120362e+00 -2.272421959509493897e-02 9.997417069798019140e-01 -3.594007593885725402e-04 -2.535074893020805575e-01 1.244772590789538502e-01 3.186075178371059261e-03 9.922173455937709496e-01 2.785302401794433536e+01
9.919369506590659524e-01 2.042515407822123250e-02 -1.250755731470927778e-01 -3.453649539526850276e+00 -2.013056343909597895e-02 9.997908102351624748e-01 3.618865145512948668e-03 -2.619903272556598495e-01 1.251233244955446411e-01 -1.071844297367598392e-03 9.921406174615494677e-01 2.825980492523194698e+01
9.919449946264797813e-01 1.945734746980835178e-02 -1.251660467735227211e-01 -3.505320009089700761e+00 -1.899420124685060468e-02 9.998076223380711891e-01 4.892712303691630453e-03 -2.660005486044951795e-01 1.252371668254543269e-01 -2.475872398105317864e-03 9.921237433412232187e-01 2.866145078421686776e+01
9.918929479363334245e-01 2.043083447333624361e-02 -1.254231272010580545e-01 -3.560042807264835574e+00 -2.010832777923030404e-02 9.997904444574361449e-01 3.836968272612720221e-03 -2.674720069238674114e-01 1.254752365532445790e-01 -1.283812418205010613e-03 9.920959211878566109e-01 2.906128454650206550e+01
9.918213909945107210e-01 2.135573396142404629e-02 -1.258342600116643950e-01 -3.615557842052112392e+00 -2.099032832850600966e-02 9.997707336124411759e-01 4.229223179644399887e-03 -2.704512622107699826e-01 1.258957286105283346e-01 -1.553331584241628410e-03 9.920422635546400913e-01 2.946125377911266696e+01
9.918057638542235876e-01 2.094586827586705086e-02 -1.260261773906898586e-01 -3.666432909115428629e+00 -2.045207737574735937e-02 9.997772545261992549e-01 5.210936870830541572e-03 -2.753119243313904008e-01 1.261072532273859459e-01 -2.590740092206079807e-03 9.920132301281161524e-01 2.986257195629150374e+01
9.918106838607581022e-01 2.039852643281657441e-02 -1.260772283127462312e-01 -3.716768922855408164e+00 -1.979948777739235638e-02 9.997859504180102164e-01 6.002801888179395799e-03 -2.782390047539706757e-01 1.261726898477144587e-01 -3.457378504810025479e-03 9.920022675732483863e-01 3.026033823450779892e+01
9.917953503336587318e-01 2.065177431629284382e-02 -1.261565982187367319e-01 -3.770236249110894278e+00 -2.009268119326775015e-02 9.997818575206312008e-01 5.702765562631890994e-03 -2.794040393835643954e-01 1.262468503329907121e-01 -3.121152060624907305e-03 9.919939471543233189e-01 3.066040829471785401e+01
9.917639098868001879e-01 2.253683544557101570e-02 -1.260810774626613395e-01 -3.823929534581111511e+00 -2.202458863912445247e-02 9.997425441171956528e-01 5.455545559744970005e-03 -2.828919129271412203e-01 1.261715678801040574e-01 -2.633729328605493962e-03 9.920049389637634052e-01 3.105750134172922117e+01
9.917750661769882958e-01 2.322502594622226357e-02 -1.258682496876300794e-01 -3.875209904536859540e+00 -2.267400522588666409e-02 9.997260358320554374e-01 5.808852428843561989e-03 -2.859138314880169673e-01 1.259686770457114635e-01 -2.907137650838166089e-03 9.920299597058711560e-01 3.145596882636164082e+01
9.918359527475071324e-01 2.335181340304836803e-02 -1.253640125723225474e-01 -3.924729637026757700e+00 -2.278654999065580708e-02 9.997226989216041471e-01 5.941245696556690312e-03 -2.888320265761308292e-01 1.254679878573318474e-01 -3.036127746442848947e-03 9.920930228316997557e-01 3.185465155985912133e+01
9.919534150621640567e-01 2.237956852600902699e-02 -1.246096996990983530e-01 -3.974115079819057428e+00 -2.183796113553349363e-02 9.997452124075950630e-01 5.710842454129535888e-03 -2.923584798949150354e-01 1.247057568837651037e-01 -2.943667896116322277e-03 9.921894017874636207e-01 3.225488054641755298e+01
9.920415623191454202e-01 2.204885399981972374e-02 -1.239652639600445777e-01 -4.023204469795018667e+00 -2.161701847364921186e-02 9.997546689416347832e-01 4.827674565709752161e-03 -2.985962880687225152e-01 1.240412961222947114e-01 -2.109494417419980478e-03 9.922748141969565117e-01 3.265395660538706579e+01
9.920917917233387229e-01 2.307064476268549588e-02 -1.233759382756992734e-01 -4.074714814322760503e+00 -2.262008627963863275e-02 9.997313704570357507e-01 5.051595866538182225e-03 -3.031865763743439857e-01 1.234593394275090711e-01 -2.220872425668392932e-03 9.923471465338085107e-01 3.305629536846208794e+01
9.921338802767919463e-01 2.402390155292888699e-02 -1.228544494965141259e-01 -4.127503613214685174e+00 -2.351678983259048936e-02 9.997078897683591148e-01 5.576354621481997322e-03 -3.063508966434369540e-01 1.229525282492642813e-01 -2.643348079602251665e-03 9.924090328629845414e-01 3.345687672058375028e+01
9.922174854206290417e-01 2.389371723966236469e-02 -1.222029128213998339e-01 -4.179226629077675170e+00 -2.346756977257355090e-02 9.997124648324748897e-01 4.925528149043895479e-03 -3.094030318351315145e-01 1.222854643632389354e-01 -2.019389771364900679e-03 9.924929154761853445e-01 3.385803054409552715e+01
9.923155904507461322e-01 2.328627321585649557e-02 -1.215216788400450415e-01 -4.227988130184712645e+00 -2.282899176007860062e-02 9.997260988632690193e-01 5.154065079854880729e-03 -3.106023375380573270e-01 1.216084128816951049e-01 -2.340241728027434194e-03 9.925753962218938353e-01 3.425864184622514585e+01
9.923998571948379199e-01 2.189713739714749599e-02 -1.210910352316596078e-01 -4.274707382500309905e+00 -2.138647274606850571e-02 9.997560699118689387e-01 5.515383745089007424e-03 -3.144437250383020910e-01 1.211822686004278837e-01 -2.883755916225964454e-03 9.926260835423724727e-01 3.466134535172204778e+01
9.924790795471637450e-01 2.097723348186380371e-02 -1.206036165985974323e-01 -4.323196775201722630e+00 -2.053035761695305023e-02 9.997769918041419235e-01 4.946824757411013088e-03 -3.181296218109537222e-01 1.206804917015759232e-01 -2.433584703249240446e-03 9.926884186834042945e-01 3.506335002165178594e+01
9.925283292891401432e-01 2.184603632333765449e-02 -1.200427684430305092e-01 -4.372875313827535138e+00 -2.138535177277896965e-02 9.997581727336408708e-01 5.124722611573847945e-03 -3.218527683974343745e-01 1.201256937048112428e-01 -2.519275540803233866e-03 9.927554940480999290e-01 3.547049364374834113e+01
9.925542637733224538e-01 2.311561997287331707e-02 -1.195897218772063036e-01 -4.424418698230510927e+00 -2.270128825291677088e-02 9.997306446156816184e-01 4.825943220978299968e-03 -3.247192053805179057e-01 1.196690644112163027e-01 -2.075169772289303226e-03 9.928116682902961010e-01 3.587463894637403428e+01
9.925441267807975088e-01 2.398930850334662565e-02 -1.195017550937046563e-01 -4.474573423804940830e+00 -2.361402351328592553e-02 9.997107700868784752e-01 4.555663048880457568e-03 -3.301222559713323790e-01 1.195764788177779009e-01 -1.699779348096850393e-03 9.928235374243047362e-01 3.628236080364331428e+01
9.925625359779214341e-01 2.381889145059980575e-02 -1.193828822869592993e-01 -4.524367835775592539e+00 -2.346767763092539108e-02 9.997151448586615308e-01 4.347096368456082431e-03 -3.335022294144209809e-01 1.194524184756775992e-01 -1.513125999454048099e-03 9.928387735025367977e-01 3.668904800962991430e+01
9.926256885754861647e-01 2.246939882514746578e-02 -1.191191357275455664e-01 -4.573534308628040890e+00 -2.206894039856703224e-02 9.997454971295914872e-01 4.680046879002233186e-03 -3.374902607464491666e-01 1.191939774054270457e-01 -2.016701649135024896e-03 9.928689383119668754e-01 3.709578658765167347e+01
9.926468845451211775e-01 2.202211980047194539e-02 -1.190260006988318048e-01 -4.623046054648511927e+00 -2.143039923279516784e-02 9.997508119154137063e-01 6.249164999755753638e-03 -3.421013761081326265e-01 1.191339606979792409e-01 -3.652439453957008648e-03 9.928714715885674780e-01 3.750278146542405011e+01
9.926597073788145931e-01 2.219490219538467618e-02 -1.188868860015423329e-01 -4.673358502062910702e+00 -2.151381154613198066e-02 9.997439793254147000e-01 7.009401924743108650e-03 -3.437115415657103767e-01 1.190120214909566876e-01 -4.400240802772255495e-03 9.928830629140140696e-01 3.791369538536855543e+01
9.926594856586744564e-01 2.256291295216964962e-02 -1.188194449194579783e-01 -4.726526956889756548e+00 -2.192446271598437121e-02 9.997373275171566043e-01 6.677866685459910370e-03 -3.426680577921956683e-01 1.189389064455811523e-01 -4.023795219215161797e-03 9.928934210707426322e-01 3.832347863934228371e+01
9.926252402042065048e-01 2.256418524325867064e-02 -1.191049539433552129e-01 -4.778435877654374053e+00 -2.191703962071393438e-02 9.997370688891056290e-01 6.740657481566798316e-03 -3.441330450411328457e-01 1.192257349895772811e-01 -4.080518757174649361e-03 9.928587882890836935e-01 3.873501585656413226e+01
9.925903502594055627e-01 2.198673247801152808e-02 -1.195030550523748514e-01 -4.829759605172512238e+00 -2.136869309654462409e-02 9.997508517250009996e-01 6.450847268456237280e-03 -3.460601368815332535e-01 1.196151141254995082e-01 -3.849424642153165439e-03 9.928128758243762730e-01 3.914831772813340649e+01
9.925662548408017427e-01 2.123753801786565712e-02 -1.198382106435335326e-01 -4.881569582082192937e+00 -2.063508714564233834e-02 9.997674380860567256e-01 6.266013192959085307e-03 -3.475977034748325423e-01 1.199434155333086727e-01 -3.746561327711179622e-03 9.927736601806181893e-01 3.956424817754850665e+01
9.925363714223799372e-01 2.079519624734743957e-02 -1.201628528985913547e-01 -4.933468299564083281e+00 -2.026915772139992536e-02 9.997788850354552004e-01 5.598417859203292345e-03 -3.506213700441662695e-01 1.202527032916899108e-01 -3.121033530024957137e-03 9.927384078903891407e-01 3.997583977800240973e+01
9.924655692542984076e-01 2.187079768728781431e-02 -1.205560535736926869e-01 -4.986627513907478715e+00 -2.151751878184640643e-02 9.997595161768735306e-01 4.231571724169378920e-03 -3.549128408834576476e-01 1.206196096421067732e-01 -1.605622093030955027e-03 9.926975026398929813e-01 4.038699681627986138e+01
9.923995881780396378e-01 2.230059516128403765e-02 -1.210195886603044335e-01 -5.038734386762371287e+00 -2.191141937079220392e-02 9.997495814870264175e-01 4.545769205834901058e-03 -3.607895083694643290e-01 1.210906564736274060e-01 -1.859508528606163349e-03 9.926397106416898763e-01 4.080036538740750984e+01
9.923537095444466827e-01 2.258125129531426273e-02 -1.213433238514303319e-01 -5.090555252344529436e+00 -2.216053952297377533e-02 9.997428267966518289e-01 4.815678217032718506e-03 -3.661950131961475563e-01 1.214208616401067642e-01 -2.089822618586159586e-03 9.925989154739170983e-01 4.121598565716340090e+01
9.923454382491972980e-01 2.170219471076050011e-02 -1.215711558337104620e-01 -5.142505428038930404e+00 -2.131524188402283623e-02 9.997627549405178060e-01 4.482666301557459293e-03 -3.710489783812818132e-01 1.216395973745131864e-01 -1.857034862828160944e-03 9.925725967263473448e-01 4.163171951054755482e+01
9.923203021658402179e-01 2.090352385422882681e-02 -1.219157930703434339e-01 -5.194151098639849806e+00 -2.050405198999959502e-02 9.997795053414566535e-01 4.530402982450722552e-03 -3.767620640226709838e-01 1.219836126759922812e-01 -1.995843096962194533e-03 9.925301077795302129e-01 4.204979834728692367e+01
9.922968539066149285e-01 1.978920321351273007e-02 -1.222920322964989731e-01 -5.244853597690052993e+00 -1.942667414823937358e-02 9.998026456940487527e-01 4.156199552297743308e-03 -3.818546125120860779e-01 1.223501453148780754e-01 -1.748456277602981196e-03 9.924854582521970281e-01 4.246690932729507040e+01
9.922546276795862763e-01 2.001583321184119066e-02 -1.225973909562564634e-01 -5.298221777630715223e+00 -1.955664169868967170e-02 9.997965076323475087e-01 4.947837065883452408e-03 -3.870130769096249423e-01 1.226714784043728412e-01 -2.511920977501722312e-03 9.924441539145103519e-01 4.288362432520261791e+01
9.922284166635576552e-01 1.965663019234044351e-02 -1.228673514600644168e-01 -5.351184802115312777e+00 -1.917741193103980266e-02 9.998031816790864390e-01 5.081808339896155650e-03 -3.917083889471655311e-01 1.229430601415006097e-01 -2.686036831057338984e-03 9.924100912270017449e-01 4.330266438968646980e+01
9.921514933923335500e-01 2.079354505627935626e-02 -1.233006189901521693e-01 -5.404128218978257792e+00 -2.023719103433839137e-02 9.997785974303275980e-01 5.763004362883674021e-03 -3.940097581100303614e-01 1.233931532071447096e-01 -3.222515203905667973e-03 9.923526314457773445e-01 4.371912245073326631e+01
9.920919500895020171e-01 2.100941129434233043e-02 -1.237423420041579430e-01 -5.459123251278469979e+00 -2.040158154142343583e-02 9.997727824436049016e-01 6.177293548236464406e-03 -3.986630848676782080e-01 1.238440068724259296e-01 -3.603903722020619389e-03 9.922951545985423394e-01 4.413480403357243631e+01
9.920471103089588683e-01 1.968145112015414269e-02 -1.243188296656985298e-01 -5.511672113276290474e+00 -1.901735828491875682e-02 9.997978525134962879e-01 6.526422700386123703e-03 -4.038258838436945553e-01 1.244221483961236302e-01 -4.110303055258461048e-03 9.922208596866358699e-01 4.455449842331472610e+01
9.919980147886967581e-01 1.809763187090585729e-02 -1.249496473622449394e-01 -5.562576082705163572e+00 -1.725216976479658493e-02 9.998203910903846747e-01 7.845265978712179580e-03 -4.066043009261761654e-01 1.250691860279374845e-01 -5.626835748026844629e-03 9.921320665242978620e-01 4.497273570569086587e+01
9.919327736134644358e-01 1.765618999695058380e-02 -1.255294052654233050e-01 -5.616886513828831085e+00 -1.669814605292004039e-02 9.998228970388651771e-01 8.680234743724925608e-03 -4.064132638591786417e-01 1.256604335098946701e-01 -6.514100981900723154e-03 9.920519250213181150e-01 4.538896214329906798e+01
